877060726
-1178698497
623903376
1917155552
-1113928829
1098044846
928684954
746968384
-184609837
127863689
-111442661
-942515893
1433620600
1832757754
-2102721846
-292301724
-1629615876
830807250
2123081690
138291398
127073005
-563411075
-599838701
538384347
1341886876
-475440266
760039230
682426318
1189647905
223994364
-312155451
-394043810
23457
1934896390
-1933110885
-1098633995
-1959990317
281355123
2075420249
-568169992
136443839
1463196805
-2126225495
-989109408
608866504
1756413584
-593464601
1946785417
1475014125
1225135342
1930599684
1804941642
21152075
-1846111947
703700398
-272908219
-29302299
-941298773
1869824173
-1748437377
-685683289
-929229063
1930385808
1907456562
1784334248
1516354335
463754632
-521686302
1423021743
979495848
20481939
155292845
-862377992
1041730846
-1874750756
-903428889
417765944
-299754049
-1492281503
-1583090714
1265792221
708367728
-109050666
-344358887
-290975847
-804630287
-32622647
-754403745
1424322081
1770994769
654722310
-1989917803
1878430769
-1514622812
1726781244
1207806833
824415700
-675661580
207831775
-709699442
-1982273567
683324021
-1680329648
1956387270
526759112
1018592251
-1855611845
-1272176441
-1983628914
688957616
-1507705279
-768027168
-1306759403
418916865
-137001514
1738347804
1240564641
1688282328
316507499
-1349474159
-739317609
866248208
-1974254642
-53144583
-883820410
-1278858715
1415314385
-357890687
-616990357
597863467
1046229546
-1569882143
200572720
1180577793
1487652249
-1762848340
1442738806
-1681622074
1907907919
1568058856
820920212
-267717494
2138429838
-1491666463
-998575650
2029376072
-237852020
-1268505542
723009321
-309846252
1138766237
807770436
1288816526
1901589904
163418256
-86890350
-701231762
541307556
559254360
-1085116468
-1904318025
-908325267
1776705518
-503406909
843677796
2023903349
1951709302
-1968445242
545388874
-1485237467
1522080672
-753977549
-1085308656
714689143
1521057617
-117444272
-243509634
1749320175
-776543871
1635708251
863102971
1401456075
-525268122
454221535
-1255979696
-268964999
-1363090734
-716384696
-1132041806
-344052408
462155225
895264185
-959864322
-89305758
-1650856778
1707491101
-1115516091
927871994
710913518
1724276604
1827186059
1474051265
-706707275
1057364879
-2130389300
1948755869
2064247185
-836623979
903690815
1726079132
973307197
-712784793
-1438472227
546427686
417793487
1297556426
978018340
1302183026
603149852
1548420612
1173202968
435892539
1049522011
779892401
1842979210
686639794
-2070815480
1807187670
1021436828
-1052496202
-576296182
2086308406
-885614717
-435132607
-652043753
130895332
-1834017394
2079309093
1378973271
-720190439
345669224
-1958704647
-532827065
1049170247
1246702745
853783885
16201696
-622958994
372693586
1963249956
-435721737
-2017381203
60516201
-488437341
854261734
740787739
-733598815
1963777029
-173139604
-378368041
1683169583
-299120431
431085777
-110046883
-760368263
-828607153
1014028621
-1533913829
667235872
-1578962889
-1951782998
-456661437
-1335670720
-1009644116
1890623784
-675328030
1080993782
1295519336
-1340679008
-742655695
-1526121950
-967702985
500040171
376206123
-819967379
1533719977
-2041564284
-1038955681
192038797
1696647938
1272278635
1818146823
-746750009
488357493
-316930996
1890971992
134193589
-1061831279
406590432
-1499968485
1642464585
1351899643
-1852857453
26372476
-2046099183
-1517228195
2066694759
67833889
-618868804
65860766
-149073129
778338942
1003407836
1826466899
-1556585089
-1582537113
440268781
524150900
-1666235846
-844492314
545144981
1777063250
121080973
247746894
-841631955
-1069285432
485629571
-969606513
-998257025
-91616591
-1930001576
2006049228
959083473
-1809660007
170996762
1729626922
1207653922
1200268982
-388597107
-1113655829
1795939763
-2026982888
811998799
1458044090
1076795336
1644005407
-1453703108
-1503836345
-1883694417
1978206510
-631371757
-225756906
-1204181503
-1326928739
932120665
31902100
1672479527
93827316
-1323926403
17912171
-1638569441
-1836475563
1939195196
1291540758
-176722304
1847769656
-827078842
390937783
1520842939
-1419141282
2060390433
-627721944
-726233181
-903756545
-1464670899
-483674545
18642478
-1664167355
-1821662807
45212342
-2060754564
1967338237
-2026306283
-603982758
-1944761575
-1017907573
795040343
756982466
-1940774018
477571615
1503827778
-2109690285
-777164579
766583333
1997855508
-797669150
-1194334690
1720215297
-625742048
1852797835
1912069668
855587068
-770724436
-1500764736
1391601492
-2029199495
554529564
-333164124
-796198058
-285198485
1925905743
1762498969
-1110081763
-1596443382
-356164280
-1015559401
1209354021
1916161220
4906769
1643344575
-1325048837
-1738934415
759761883
541400495
720143106
-1563179573
385231466
-48571369
-1700343949
-644761827
-1259871825
1006557452
-808927323
-1563572423
-2145459786
1362828188
-360682866
-1602033746
-374753598
-1945123551
-568491639
245094458
-1375786315
1205756122
-26138023
-2041408899
559077557
-1140713289
1237513581
-1888600849
1076680460
-1523195021
690517093
1886968084
1085774672
-1478033432
-236899116
182788333
314932419
-1310502498
-734977209
-2102376527
-792626948
-524782940
-1555064186
831689149
-1596645690
-1307472221
245474073
1603073992
365413191
28269359
1390028557
1288784218
1354327396
-1502166688
-234676745
-689601922
706601828
1120406689
-1071712967
-205895498
-1752996141
219787975
658618499
477610799
-1762055512
1106184549
1442168476
-1102888395
-1097203799
2029288542
2109202018
-999069208
1762669326
-242214470
160657423
617600047
2099166052
-523336003
-156852547
248798701
1217777588
-125717963
769379883
2042598259
-2066264860
1994905619
-542304063
2109141045
-1368289956
-1803113923
-1399641647
1371727295
-1734502676
-1269845342
-1760495585
1309662697
-354958612
1038107278
-614325085
-1090474935
-1063762780
67142463
1558839692
762454761
1403204078
-542475337
786269576
2052505145
-1229065702
588980179
612544322
1926011974
-1693305071
1979497628
1644436780
1967076140
-1268456260
-589605412
-1317020290
860453577
29985446
1208535284
1155840637
1445232051
1608602591
1109379308
1822525184
-944142997
-784428765
-1045297205
1230909231
271472082
-1217117892
-576773847
1143902606
-1170920485
1307261860
626465282
288056377
517043073
2097996141
-1356559924
-1671583119
-1629656837
451770469
-339230518
-1263698346
-324265682
-727804811
-378699870
-867355914
233207139
-621530295
-1381952467
908464774
-1803981254
2098032181
-2021462130
-463717138
-799651363
-1264851370
-561378939
-1722586486
2049288567
1240682232
-811096827
-2097768658
1411445223
1117567543
2013940227
1671485803
827132848
1254067176
-1019869040
1294330384
-1483952588
1651259065
-285910743
-581099533
-978343390
1509107606
1275539022
947512304
-1895307477
1177846606
1940130640
1219027250
-1050408709
-1518626186
-1321388945
874083761
-1009062041
692270989
-1971958749
1729046267
1003652578
527313760
2123035066
-418439370
224368181
139574191
2136421666
318371428
-742157714
-1398417391
-1840057336
706890728
-1314354663
-917948140
339571745
1718940746
-1240809811
1426443688
2016923334
-1680883914
-1379759287
1348737724
266469830
-454026806
-1181183073
-1352502999
-1896367753
758321425
1090088496
449781199
-14211058
1643411657
687685049
1095956477
-1179812304
-822920596
-1714754067
422310422
-1863722808
-352513938
145098595
-1855090576
-2049918950
1971597762
-562999599
-1365808513
1899451416
-823807582
-2006998150
951065138
-1064345100
-2075158641
1580191973
-350929508
1847664374
-106826857
-706263089
1444376279
1868215439
1335259862
1942680161
1384338981
-39237203
1059993662
-1248553051
1705458263
12670288
-853672550
-2066316746
-1015630991
-243202468
-588463921
493248055
-1570479218
1408292017
-1141276315
-1799126395
1537464833
1116966776
1826673221
-1912858320
-922483523
-428311361
-2080160828
366467878
-1984637962
1670864456
-1032197665
205935409
1196487687
287797150
-841579832
-42345437
-693190250
1998565736
-1394540127
1844956750
-1568023563
-1105193471
1549566342
-1535537095
1397291467
451437383
1727653073
570523281
624550899
1803214258
20882584
-1488855202
-2639197
928387240
-1853188998
-1113369482
-1286739760
-1626191856
-1647337829
-853835467
-139695663
1734643493
-264586260
1574688621
-110607038
693258380
37596335
-118767717
-1559403221
444445607
-966970054
1547735132
179645024
-1239092437
622846714
1226377503
-1255709910
-2030933777
-1665819206
-309771238
-423524314
878082823
-1649374939
-679521407
1167745901
-519039471
1839987337
-11010571
1326876148
-1928691506
-2092529955
-39956934
-410767562
269243636
-1314886395
302508589
-895775985
-31674047
-723525549
-1670683404
975858155
1195440339
-1991182511
-628293513
-1291790561
730248118
1406091965
-1435397618
296104342
2138203326
1350783188
799964794
-1363891536
-1524275049
1289658579
908656921
3362662
-921030118
929352378
623260245
136642481
796358625
595124050
498106717
-1157302228
-705681635
491930737
1047434519
-380644873
-1758515290
-1834184324
-128792491
-1883104033
-450134701
-872796114
1380562246
-1595672645
951169675
-2145794665
293700654
-502576360
1932949532
-569727130
256569689
-1133213160
-1377995189
-316874390
-533709235
1923882390
-1429320917
282955605
284000830
-243212914
1169297970
180915907
414780870
73022652
-1698082552
2094321018
469882325
-2058155390
45309346
-1249855501
1387600357
-870060274
-1593994865
878218265
1752938866
569836988
-568205679
-1521970097
1064496297
-34588232
1342281839
363433656
-705997729
-859027225
-144537591
1880474801
-1728801468
-1347251961
1388420013
804886178
-2027228584
24382228
674220200
330989558
1151310492
1077156077
1982001694
-126101657
-1458856435
-904001225
795732254
490262398
-1610039859
1754559873
238017008
-1335919782
386567075
209051305
1169996465
-1416569937
-1853518683
568601469
1636142881
-924436463
676942643
682814884
2015401403
2086422642
-1049770969
-1837461313
-1560366586
-955714839
784530250
1988941770
-1772312533
-389504588
1412858633
1223249096
1188298182
610039168
406311784
571901599
-606563328
969070567
-1731113931
615475520
766332637
-282578375
856301185
1757529098
-1154785838
40225918
1643698508
1863185008
895285658
2011240635
1277529471
1024287448
1571138377
1073606260
743816478
-794810426
1010790561
779778674
1036749245
-442501319
2037731747
-684464442
-962275789
43596885
-1988543639
-297861363
-1935782003
1121001281
440153138
-1506781964
-330723003
1422501714
-645055298
1529063678
-536553292
65231720
-650874148
-875914364
636877764
1674445976
67455296
-1614353923
-97413399
997226251
-885266278
-199967617
1330816593
-1526102747
1277627875
-812791930
1398144601
1892319465
476117497
1926645235
1406162755
-1068634213
-202422674
1821445974
-1563631578
-2108468314
-372591716
-1261941137
269323557
156446912
-1781709828
357342193
1883608291
1795993163
1813395639
413434250
-931540682
-849314818
517522301
709011743
1043986202
1138941124
-310148714
-1856422820
1361107431
-1815544861
8131638
1342519403
-29807162
-1485574047
1485531668
-1963673086
-708346527
-501345630
1439469117
240616867
1188120281
-178943915
1689849892
1813598239
751072252
-1892078959
1175148798
